ON

Raw: (59) 3380, -9876, 528, -1556, 520, -520, 520, -520, 544, -516, 480, -1588, 480, -548, 484, -548, 484, -548, 484, -552, 484, -548, 484, -548, 488, -552, 488, -548, 480, -552, 484, -548, 484, -548, 484, -552, 480, -552, 484, -1588, 484, -1588, 488, -556, 480, -1584, 484, -556, 484, -548, 484, -552, 480, -1592, 484, -1588, 484, -1580, 484, 
1000 1000 0000 0000 0011 0100 0111 
8800347

OFF
Raw: (59) 3176, -9792, 568, -1544, 484, -548, 484, -548, 488, -544, 488, -1580, 484, -548, 484, -548, 484, -552, 480, -1584, 484, -1596, 484, -556, 484, -552, 484, -548, 484, -556, 484, -548, 484, -552, 480, -552, 480, -552, 484, -548, 484, -548, 484, -548, 484, -1600, 484, -556, 484, -1596, 484, -552, 480, -552, 484, -548, 484, -1588, 484, 
1000 1000 1100 0000 0000 0101 0001 
88C0051

MODE
Raw: (59) 3144, -9852, 572, -1552, 484, -532, 516, -532, 516, -532, 544, -1544, 544, -516, 484, -548, 484, -560, 484, -528, 516, -532, 544, -524, 484, -548, 484, -1584, 484, -548, 460, -1596, 540, -1560, 480, -552, 484, -548, 484, -1580, 484, -532, 544, -516, 484, -1580, 484, -548, 484, -1584, 480, -560, 484, -548, 484, -1588, 484, -552, 484, 
1000 1000 0000 1011 0010 0101 0010 
880B252

FAN 5 
Raw: (59) 3388, -9812, 508, -1576, 544, -516, 484, -548, 484, -548, 484, -1608, 484, -532, 540, -516, 484, -548, 484, -548, 484, -552, 484, -548, 484, -556, 484, -1592, 480, -540, 544, -516, 484, -548, 484, -548, 484, -552, 484, -1568, 544, -1548, 484, -1564, 540, -528, 484, -1580, 484, -532, 540, -520, 480, -1600, 484, -532, 540, -1548, 484, 
1000 1000 0000 1000 0011 1010 0101 
88083C5

FAN 6
Raw: (59) 3376, -9872, 568, -1560, 484, -528, 544, -516, 484, -548, 484, -1600, 484, -556, 484, -556, 460, -564, 540, -516, 484, -552, 484, -548, 484, -528, 544, -1552, 480, -552, 456, -568, 540, -516, 484, -548, 484, -548, 484, -1592, 484, -1564, 544, -496, 544, -1556, 484, -528, 544, -516, 484, -1584, 484, -1588, 484, -1580, 484, -1600, 484, 
1000 1000 0000 1000 0011 0100 1111 
880834F

FAN AUTO 
Raw: (59) 3412, -9808, 508, -1592, 544, -512, 496, -556, 484, -548, 484, -1584, 480, -552, 484, -548, 484, -548, 484, -548, 484, -552, 484, -548, 484, -528, 544, -1552, 484, -528, 544, -516, 484, -548, 484, -548, 484, -548, 484, -1592, 484, -1580, 484, -560, 480, -1576, 540, -496, 544, -1548, 484, -548, 484, -552, 484, -548, 484, -548, 484, 
1000 1000 0000 1000 0011 0101 0000 
8808350

ON
rotocol=PulseDistance, Raw-Data=0x7A90011, 28 bits, LSB first, Gap=3276750us, Duration=51500us
Send on a 8 bit platform with: IrSender.sendPulseDistanceWidth(38, 3300, 9800, 450, 1550, 450, 550, 0x7A90011, 28, PROTOCOL_IS_LSB_FIRST, <RepeatPeriodMillis>, <numberOfRepeats>);
Store new timing info data=3300, 9800, 450, 1550, 450, 550
Store new sDecodedRawDataArray[0]=0x7A90011

OFF
Protocol=PulseDistance, Raw-Data=0x8A00311, 28 bits, LSB first, Gap=3276750us, Duration=49300us
Send on a 8 bit platform with: IrSender.sendPulseDistanceWidth(38, 3150, 9750, 500, 1600, 500, 550, 0x8A00311, 28, PROTOCOL_IS_LSB_FIRST, <RepeatPeriodMillis>, <numberOfRepeats>);
Store new timing info data=3150, 9750, 500, 1600, 500, 550
Store new sDecodedRawDataArray[0]=0x8A00311



